        Spiketime[s]     corrSpiketime[s]                  ISI             instFreq
            0.100240             0.100240             0.007510           133.155792
            0.113970             0.113970             0.013730            72.833212
            0.116650             0.116650             0.002680           373.134328
            0.132590             0.132590             0.015940            62.735257
            0.138610             0.138610             0.006020           166.112957
            0.154850             0.154850             0.016240            61.576355
            0.160960             0.160960             0.006110           163.666121
            0.175840             0.175840             0.014880            67.204301
            0.195560             0.195560             0.019720            50.709939
            0.753950             0.753950             0.003900           256.410256
            0.768690             0.768690             0.014740            67.842605
            0.770470             0.770470             0.001780           561.797753
            0.788340             0.788340             0.017870            55.959709
            0.791790             0.791790             0.003450           289.855072
            0.810380             0.810380             0.018590            53.792361
            0.813330             0.813330             0.002950           338.983051
            0.838130             0.838130             0.024800            40.322581
            0.843630             0.843630             0.005500           181.818182
            1.402980             1.402980             0.003860           259.067358
            1.418930             1.418930             0.015950            62.695925
            1.437630             1.437630             0.018700            53.475936
            1.439710             1.439710             0.002080           480.769231
            1.457290             1.457290             0.017580            56.882821
            1.459220             1.459220             0.001930           518.134715
            1.475100             1.475100             0.015880            62.972292
            1.484370             1.484370             0.009270           107.874865
            2.053010             2.053010             0.007300           136.986301
            2.067030             2.067030             0.014020            71.326676
            2.070980             2.070980             0.003950           253.164557
            2.086200             2.086200             0.015220            65.703022
            2.092780             2.092780             0.006580           151.975684
            2.107050             2.107050             0.014270            70.077085
            2.113640             2.113640             0.006590           151.745068
            2.126010             2.126010             0.012370            80.840744
            2.150760             2.150760             0.024750            40.404040
            2.716430             2.716430             0.007890           126.742712
            2.729080             2.729080             0.012650            79.051383
            2.732930             2.732930             0.003850           259.740260
            2.746860             2.746860             0.013930            71.787509
            2.756620             2.756620             0.009760           102.459016
            2.768660             2.768660             0.012040            83.056478
            2.778020             2.778020             0.009360           106.837607
            2.788620             2.788620             0.010600            94.339623
            2.830820             2.830820             0.042200            23.696682
            3.386920             3.386920             0.005430           184.162063
            3.401240             3.401240             0.014320            69.832402
            3.402970             3.402970             0.001730           578.034682
            3.422010             3.422010             0.019040            52.521008
            3.424770             3.424770             0.002760           362.318841
            3.443740             3.443740             0.018970            52.714813
            3.468140             3.468140             0.024400            40.983607
            3.471340             3.471340             0.003200           312.500000
            4.060860             4.060860             0.008840           113.122172
            4.073810             4.073810             0.012950            77.220077
            4.078490             4.078490             0.004680           213.675214
            4.094030             4.094030             0.015540            64.350064
            4.102110             4.102110             0.008080           123.762376
            4.118660             4.118660             0.016550            60.422961
            4.124880             4.124880             0.006220           160.771704
            4.141940             4.141940             0.017060            58.616647
            4.167600             4.167600             0.025660            38.971161
            4.727620             4.727620             0.006700           149.253731
            4.740900             4.740900             0.013280            75.301205
            4.744670             4.744670             0.003770           265.251989
            4.760310             4.760310             0.015640            63.938619
            4.766970             4.766970             0.006660           150.150150
            4.783260             4.783260             0.016290            61.387354
            4.789190             4.789190             0.005930           168.634064
            4.810600             4.810600             0.021410            46.707146
            5.371570             5.371570             0.004540           220.264317
            5.387100             5.387100             0.015530            64.391500
            5.388620             5.388620             0.001520           657.894737
            5.410160             5.410160             0.021540            46.425255
            5.431790             5.431790             0.021630            46.232085
            5.460270             5.460270             0.028480            35.112360
            5.463220             5.463220             0.002950           338.983051
            6.039380             6.039380             0.006610           151.285930
            6.054400             6.054400             0.015020            66.577896
            6.057130             6.057130             0.002730           366.300366
            6.074180             6.074180             0.017050            58.651026
            6.080600             6.080600             0.006420           155.763240
            6.097130             6.097130             0.016530            60.496068
            6.105700             6.105700             0.008570           116.686114
            6.118240             6.118240             0.012540            79.744817
            6.724440             6.724440             0.005800           172.413793
            6.739740             6.739740             0.015300            65.359477
            6.743980             6.743980             0.004240           235.849057
            6.757590             6.757590             0.013610            73.475386
            6.763150             6.763150             0.005560           179.856115
            6.782480             6.782480             0.019330            51.733057
            6.789280             6.789280             0.006800           147.058824
            6.807010             6.807010             0.017730            56.401579
            6.816350             6.816350             0.009340           107.066381
            7.368730             7.368730             0.007540           132.625995
            7.383070             7.383070             0.014340            69.735007
            7.386550             7.386550             0.003480           287.356322
            7.404150             7.404150             0.017600            56.818182
            7.409730             7.409730             0.005580           179.211470
            7.426960             7.426960             0.017230            58.038305
            7.432190             7.432190             0.005230           191.204589
            7.457170             7.457170             0.024980            40.032026
            8.026380             8.026380             0.003480           287.356322
            8.044320             8.044320             0.017940            55.741360
            8.065310             8.065310             0.020990            47.641734
            8.067810             8.067810             0.002500           400.000000
            8.087740             8.087740             0.019930            50.175615
            8.089420             8.089420             0.001680           595.238095
            8.141110             8.141110             0.051690            19.346102
            8.147270             8.147270             0.006160           162.337662
            8.697910             8.697910             0.004020           248.756219
            8.712270             8.712270             0.014360            69.637883
            8.715450             8.715450             0.003180           314.465409
            8.732220             8.732220             0.016770            59.630292
            8.738270             8.738270             0.006050           165.289256
            8.754130             8.754130             0.015860            63.051702
            8.759430             8.759430             0.005300           188.679245
            8.777930             8.777930             0.018500            54.054054
            8.802690             8.802690             0.024760            40.387722
            9.334100             9.334100             0.007220           138.504155
            9.347600             9.347600             0.013500            74.074074
            9.351190             9.351190             0.003590           278.551532
            9.366010             9.366010             0.014820            67.476383
            9.373200             9.373200             0.007190           139.082058
            9.389020             9.389020             0.015820            63.211125
            9.394830             9.394830             0.005810           172.117040
            9.410420             9.410420             0.015590            64.143682
            9.418490             9.418490             0.008070           123.915737
            9.979270             9.979270             0.003300           303.030303
            9.995420             9.995420             0.016150            61.919505
            9.997110             9.997110             0.001690           591.715976
           10.014510            10.014510             0.017400            57.471264
           10.018620            10.018620             0.004110           243.309002
           10.035470            10.035470             0.016850            59.347181
           10.040510            10.040510             0.005040           198.412698
           10.056980            10.056980             0.016470            60.716454
           10.071560            10.071560             0.014580            68.587106
           10.634090            10.634090             0.004080           245.098039
           10.647910            10.647910             0.013820            72.358900
           10.651080            10.651080             0.003170           315.457413
           10.666350            10.666350             0.015270            65.487885
           10.673020            10.673020             0.006670           149.925037
           10.686800            10.686800             0.013780            72.568940
           10.693330            10.693330             0.006530           153.139357
           10.705730            10.705730             0.012400            80.645161
           10.720960            10.720960             0.015230            65.659882
           11.292720            11.292720             0.005740           174.216028
           11.306900            11.306900             0.014180            70.521862
           11.309470            11.309470             0.002570           389.105058
           11.326450            11.326450             0.016980            58.892815
           11.329960            11.329960             0.003510           284.900285
           11.348630            11.348630             0.018670            53.561864
           11.352440            11.352440             0.003810           262.467192
           11.371770            11.371770             0.019330            51.733057
           11.375960            11.375960             0.004190           238.663484
           11.938490            11.938490             0.006190           161.550889
           11.952890            11.952890             0.014400            69.444444
           11.956480            11.956480             0.003590           278.551532
           11.972220            11.972220             0.015740            63.532402
           11.979730            11.979730             0.007510           133.155792
           11.994700            11.994700             0.014970            66.800267
           12.000070            12.000070             0.005370           186.219739
           12.015660            12.015660             0.015590            64.143682
           12.031290            12.031290             0.015630            63.979527
           12.588400            12.588400             0.006970           143.472023
           12.602570            12.602570             0.014170            70.571630
           12.605680            12.605680             0.003110           321.543408
           12.622420            12.622420             0.016740            59.737157
           12.628140            12.628140             0.005720           174.825175
           12.645550            12.645550             0.017410            57.438254
           12.648790            12.648790             0.003240           308.641975
           12.668490            12.668490             0.019700            50.761421
           12.676990            12.676990             0.008500           117.647059
           13.231790            13.231790             0.005440           183.823529
           13.245150            13.245150             0.013360            74.850299
           13.247370            13.247370             0.002220           450.450450
           13.264850            13.264850             0.017480            57.208238
           13.268970            13.268970             0.004120           242.718447
           13.287220            13.287220             0.018250            54.794521
           13.291090            13.291090             0.003870           258.397933
           13.312390            13.312390             0.021300            46.948357
           13.320450            13.320450             0.008060           124.069479
           13.887090            13.887090             0.006790           147.275405
           13.900590            13.900590             0.013500            74.074074
           13.903240            13.903240             0.002650           377.358491
           13.920230            13.920230             0.016990            58.858152
           13.925170            13.925170             0.004940           202.429150
           13.942510            13.942510             0.017340            57.670127
           13.946230            13.946230             0.003720           268.817204
           13.965110            13.965110             0.018880            52.966102
           13.975450            13.975450             0.010340            96.711799
           14.551280            14.551280             0.006000           166.666667
           14.564290            14.564290             0.013010            76.863951
           14.568230            14.568230             0.003940           253.807107
           14.585730            14.585730             0.017500            57.142857
           14.590190            14.590190             0.004460           224.215247
           14.608290            14.608290             0.018100            55.248619
           14.612250            14.612250             0.003960           252.525253
           14.644370            14.644370             0.032120            31.133250
           14.655450            14.655450             0.011080            90.252708
           15.213480            15.213480             0.001630           613.496933
           15.231890            15.231890             0.018410            54.318305
           15.237610            15.237610             0.005720           174.825175
           15.257060            15.257060             0.019450            51.413882
           15.276560            15.276560             0.019500            51.282051
           15.282510            15.282510             0.005950           168.067227
           15.875020            15.875020             0.006340           157.728707
           15.889790            15.889790             0.014770            67.704807
           15.893230            15.893230             0.003440           290.697674
           15.908070            15.908070             0.014840            67.385445
           15.913090            15.913090             0.005020           199.203187
           15.933280            15.933280             0.020190            49.529470
           15.936020            15.936020             0.002740           364.963504
           15.955560            15.955560             0.019540            51.177073
           15.963970            15.963970             0.008410           118.906064
           16.522810            16.522810             0.010690            93.545370
           16.533450            16.533450             0.010640            93.984962
           16.539360            16.539360             0.005910           169.204738
           16.550570            16.550570             0.011210            89.206066
           16.561500            16.561500             0.010930            91.491308
           16.572380            16.572380             0.010880            91.911765
           16.582720            16.582720             0.010340            96.711799
           16.592170            16.592170             0.009450           105.820106
           16.616240            16.616240             0.024070            41.545492
           17.174330            17.174330             0.013690            73.046019
           17.185830            17.185830             0.011500            86.956522
           17.190210            17.190210             0.004380           228.310502
           17.204870            17.204870             0.014660            68.212824
           17.213540            17.213540             0.008670           115.340254
           17.226730            17.226730             0.013190            75.815011
           17.235340            17.235340             0.008610           116.144019
           17.247290            17.247290             0.011950            83.682008
           17.267600            17.267600             0.020310            49.236829
           17.804490            17.804490             0.006630           150.829563
           17.820520            17.820520             0.016030            62.383032
           17.837890            17.837890             0.017370            57.570524
           17.841000            17.841000             0.003110           321.543408
           17.858610            17.858610             0.017610            56.785917
           17.861440            17.861440             0.002830           353.356890
           17.881240            17.881240             0.019800            50.505051
           17.890390            17.890390             0.009150           109.289617
           18.464400            18.464400             0.008170           122.399021
           18.478070            18.478070             0.013670            73.152890
           18.480680            18.480680             0.002610           383.141762
           18.498030            18.498030             0.017350            57.636888
           18.502730            18.502730             0.004700           212.765957
           18.520100            18.520100             0.017370            57.570524
           18.523300            18.523300             0.003200           312.500000
           18.543350            18.543350             0.020050            49.875312
           18.551850            18.551850             0.008500           117.647059
           19.113880            19.113880             0.001510           662.251656
           19.132020            19.132020             0.018140            55.126792
           19.153800            19.153800             0.021780            45.913682
           19.155180            19.155180             0.001380           724.637681
           19.175420            19.175420             0.020240            49.407115
           19.207710            19.207710             0.032290            30.969340
           19.770110            19.770110             0.005800           172.413793
           19.785530            19.785530             0.015420            64.850843
           19.788440            19.788440             0.002910           343.642612
           19.804550            19.804550             0.016110            62.073246
           19.810910            19.810910             0.006360           157.232704
           19.826110            19.826110             0.015200            65.789474
           19.832660            19.832660             0.006550           152.671756
           19.846070            19.846070             0.013410            74.571216
           19.882650            19.882650             0.036580            27.337343
           20.416040            20.416040             0.006450           155.038760
           20.429160            20.429160             0.013120            76.219512
           20.434550            20.434550             0.005390           185.528757
           20.446190            20.446190             0.011640            85.910653
           20.455710            20.455710             0.009520           105.042017
           20.466990            20.466990             0.011280            88.652482
           20.477030            20.477030             0.010040            99.601594
           20.486800            20.486800             0.009770           102.354145
           20.516720            20.516720             0.029920            33.422460
           21.064540            21.064540             0.005720           174.825175
           21.077930            21.077930             0.013390            74.682599
           21.080690            21.080690             0.002760           362.318841
           21.095730            21.095730             0.015040            66.489362
           21.100150            21.100150             0.004420           226.244344
           21.119140            21.119140             0.018990            52.659294
           21.122580            21.122580             0.003440           290.697674
           21.140840            21.140840             0.018260            54.764513
           21.147800            21.147800             0.006960           143.678161
           21.717210            21.717210             0.005460           183.150183
           21.733250            21.733250             0.016040            62.344140
           21.735350            21.735350             0.002100           476.190476
           21.750250            21.750250             0.014900            67.114094
           21.756380            21.756380             0.006130           163.132137
           21.772360            21.772360             0.015980            62.578223
           21.777330            21.777330             0.004970           201.207243
           21.794790            21.794790             0.017460            57.273769
           21.805120            21.805120             0.010330            96.805421
           22.364370            22.364370             0.006550           152.671756
           22.378880            22.378880             0.014510            68.917988
           22.380480            22.380480             0.001600           625.000000
           22.398220            22.398220             0.017740            56.369786
           22.403310            22.403310             0.005090           196.463654
           22.419250            22.419250             0.015940            62.735257
           22.424140            22.424140             0.004890           204.498978
           22.441160            22.441160             0.017020            58.754407
           22.464710            22.464710             0.023550            42.462845
           23.013650            23.013650             0.009380           106.609808
           23.024910            23.024910             0.011260            88.809947
           23.028900            23.028900             0.003990           250.626566
           23.043360            23.043360             0.014460            69.156293
           23.050660            23.050660             0.007300           136.986301
           23.065400            23.065400             0.014740            67.842605
           23.072060            23.072060             0.006660           150.150150
           23.085520            23.085520             0.013460            74.294205
           23.105540            23.105540             0.020020            49.950050
           23.672040            23.672040             0.005760           173.611111
           23.685520            23.685520             0.013480            74.183976
           23.689740            23.689740             0.004220           236.966825
           23.704400            23.704400             0.014660            68.212824
           23.711790            23.711790             0.007390           135.317997
           23.726350            23.726350             0.014560            68.681319
           23.732770            23.732770             0.006420           155.763240
           23.748490            23.748490             0.015720            63.613232
           23.762940            23.762940             0.014450            69.204152
           24.309320            24.309320             0.005680           176.056338
           24.323820            24.323820             0.014500            68.965517
           24.325300            24.325300             0.001480           675.675676
           24.341620            24.341620             0.016320            61.274510
           24.344980            24.344980             0.003360           297.619048
           24.362510            24.362510             0.017530            57.045066
           24.366230            24.366230             0.003720           268.817204
           24.381350            24.381350             0.015120            66.137566
           24.396160            24.396160             0.014810            67.521945
           24.939730            24.939730             0.004180           239.234450
           24.953950            24.953950             0.014220            70.323488
           24.956910            24.956910             0.002960           337.837838
           24.972330            24.972330             0.015420            64.850843
           24.978040            24.978040             0.005710           175.131349
           24.995180            24.995180             0.017140            58.343057
           25.000840            25.000840             0.005660           176.678445
           25.017510            25.017510             0.016670            59.988002
           25.036520            25.036520             0.019010            52.603893
           25.588480            25.588480             0.011280            88.652482
           25.598390            25.598390             0.009910           100.908174
           25.605040            25.605040             0.006650           150.375940
           25.616170            25.616170             0.011130            89.847260
           25.629960            25.629960             0.013790            72.516316
           25.637710            25.637710             0.007750           129.032258
           25.649850            25.649850             0.012140            82.372323
           25.657190            25.657190             0.007340           136.239782
           25.687520            25.687520             0.030330            32.970656
           26.211630            26.211630             0.004050           246.913580
           26.228310            26.228310             0.016680            59.952038
           26.248310            26.248310             0.020000            50.000000
           26.249650            26.249650             0.001340           746.268657
           26.270200            26.270200             0.020550            48.661800
           26.274190            26.274190             0.003990           250.626566
           26.291930            26.291930             0.017740            56.369786
           26.300650            26.300650             0.008720           114.678899
           26.864640            26.864640             0.008740           114.416476
           26.877300            26.877300             0.012660            78.988942
           26.881870            26.881870             0.004570           218.818381
           26.894740            26.894740             0.012870            77.700078
           26.902720            26.902720             0.007980           125.313283
           26.916070            26.916070             0.013350            74.906367
           26.923720            26.923720             0.007650           130.718954
           26.937140            26.937140             0.013420            74.515648
           26.956170            26.956170             0.019030            52.548607
           27.507480            27.507480             0.006360           157.232704
           27.520670            27.520670             0.013190            75.815011
           27.523550            27.523550             0.002880           347.222222
           27.540700            27.540700             0.017150            58.309038
           27.546200            27.546200             0.005500           181.818182
           27.563280            27.563280             0.017080            58.548009
           27.567460            27.567460             0.004180           239.234450
           27.594610            27.594610             0.027150            36.832413
           27.605910            27.605910             0.011300            88.495575
           28.152850            28.152850             0.001850           540.540541
           28.171060            28.171060             0.018210            54.914882
           28.174550            28.174550             0.003490           286.532951
           28.191650            28.191650             0.017100            58.479532
           28.195370            28.195370             0.003720           268.817204
           28.225050            28.225050             0.029680            33.692722
           28.235680            28.235680             0.010630            94.073377
           28.792170            28.792170             0.008290           120.627262
           28.806350            28.806350             0.014180            70.521862
           28.809380            28.809380             0.003030           330.033003
           28.826440            28.826440             0.017060            58.616647
           28.831590            28.831590             0.005150           194.174757
           28.848740            28.848740             0.017150            58.309038
           28.851730            28.851730             0.002990           334.448161
           28.874960            28.874960             0.023230            43.047783
           28.882860            28.882860             0.007900           126.582278
           29.441030            29.441030             0.007190           139.082058
           29.456630            29.456630             0.015600            64.102564
           29.475400            29.475400             0.018770            53.276505
           29.476980            29.476980             0.001580           632.911392
           29.497570            29.497570             0.020590            48.567266
           29.525730            29.525730             0.028160            35.511364
           29.531640            29.531640             0.005910           169.204738
           30.082030            30.082030             0.005430           184.162063
           30.097310            30.097310             0.015280            65.445026
           30.099120            30.099120             0.001810           552.486188
           30.119380            30.119380             0.020260            49.358342
           30.138450            30.138450             0.019070            52.438385
           30.140630            30.140630             0.002180           458.715596
           30.168660            30.168660             0.028030            35.676061
           30.180220            30.180220             0.011560            86.505190
           30.730030            30.730030             0.009580           104.384134
           30.741620            30.741620             0.011590            86.281277
           30.746590            30.746590             0.004970           201.207243
           30.760510            30.760510             0.013920            71.839080
           30.769160            30.769160             0.008650           115.606936
           30.783210            30.783210             0.014050            71.174377
           30.788540            30.788540             0.005330           187.617261
           30.805280            30.805280             0.016740            59.737157
           30.830520            30.830520             0.025240            39.619651
           31.365790            31.365790             0.011400            87.719298
           31.378790            31.378790             0.013000            76.923077
           31.383690            31.383690             0.004900           204.081633
           31.401030            31.401030             0.017340            57.670127
           31.407490            31.407490             0.006460           154.798762
           31.423120            31.423120             0.015630            63.979527
           31.427520            31.427520             0.004400           227.272727
           31.448790            31.448790             0.021270            47.014575
           31.994200            31.994200             0.003490           286.532951
           32.010530            32.010530             0.016330            61.236987
           32.031510            32.031510             0.020980            47.664442
           32.051410            32.051410             0.019900            50.251256
           32.053950            32.053950             0.002540           393.700787
           32.079690            32.079690             0.025740            38.850039
           32.086480            32.086480             0.006790           147.275405
           32.633440            32.633440             0.005350           186.915888
           32.648790            32.648790             0.015350            65.146580
           32.650680            32.650680             0.001890           529.100529
           32.666950            32.666950             0.016270            61.462815
           32.672120            32.672120             0.005170           193.423598
           32.689620            32.689620             0.017500            57.142857
           32.691630            32.691630             0.002010           497.512438
           32.710030            32.710030             0.018400            54.347826
           32.716300            32.716300             0.006270           159.489633
           33.317940            33.317940             0.020050            49.875312
           33.319530            33.319530             0.001590           628.930818
           33.339850            33.339850             0.020320            49.212598
           33.359810            33.359810             0.019960            50.100200
           33.361060            33.361060             0.001250           800.000000
           33.924880            33.924880             0.009520           105.042017
           33.938290            33.938290             0.013410            74.571216
           33.941850            33.941850             0.003560           280.898876
           33.956410            33.956410             0.014560            68.681319
           33.963840            33.963840             0.007430           134.589502
           33.978860            33.978860             0.015020            66.577896
           33.985020            33.985020             0.006160           162.337662
           34.002410            34.002410             0.017390            57.504313
           34.020370            34.020370             0.017960            55.679287
           34.570350            34.570350             0.008210           121.802680
           34.582860            34.582860             0.012510            79.936051
           34.586840            34.586840             0.003980           251.256281
           34.602290            34.602290             0.015450            64.724919
           34.608890            34.608890             0.006600           151.515152
           34.626270            34.626270             0.017380            57.537399
           34.631430            34.631430             0.005160           193.798450
           34.657520            34.657520             0.026090            38.328862
           35.207620            35.207620             0.004040           247.524752
           35.224240            35.224240             0.016620            60.168472
           35.247240            35.247240             0.023000            43.478261
           35.266990            35.266990             0.019750            50.632911
           35.269140            35.269140             0.002150           465.116279
           35.306350            35.306350             0.037210            26.874496
           35.325460            35.325460             0.019110            52.328624
           35.856560            35.856560             0.004710           212.314225
           35.871160            35.871160             0.014600            68.493151
           35.872670            35.872670             0.001510           662.251656
           35.892720            35.892720             0.020050            49.875312
           35.897110            35.897110             0.004390           227.790433
           35.914450            35.914450             0.017340            57.670127
           35.916990            35.916990             0.002540           393.700787
           35.955840            35.955840             0.038850            25.740026
           36.498820            36.498820             0.017730            56.401579
           36.519770            36.519770             0.020950            47.732697
           36.541880            36.541880             0.022110            45.228403
           36.572070            36.572070             0.030190            33.123551
           36.574080            36.574080             0.002010           497.512438
           37.133450            37.133450             0.005950           168.067227
           37.145950            37.145950             0.012500            80.000000
           37.149680            37.149680             0.003730           268.096515
           37.165120            37.165120             0.015440            64.766839
           37.169800            37.169800             0.004680           213.675214
           37.188680            37.188680             0.018880            52.966102
           37.191790            37.191790             0.003110           321.543408
           37.212600            37.212600             0.020810            48.053820
           37.225790            37.225790             0.013190            75.815011
           37.783470            37.783470             0.017060            58.616647
           37.804710            37.804710             0.021240            47.080979
           37.825320            37.825320             0.020610            48.520136
           37.826590            37.826590             0.001270           787.401575
           37.851300            37.851300             0.024710            40.469446
           37.858690            37.858690             0.007390           135.317997
           38.410360            38.410360             0.004790           208.768267
           38.424120            38.424120             0.013760            72.674419
           38.426610            38.426610             0.002490           401.606426
           38.445170            38.445170             0.018560            53.879310
           38.450600            38.450600             0.005430           184.162063
           38.466870            38.466870             0.016270            61.462815
           38.470630            38.470630             0.003760           265.957447
           38.499720            38.499720             0.029090            34.376074
           38.505880            38.505880             0.006160           162.337662
           39.070850            39.070850             0.009870           101.317123
           39.080900            39.080900             0.010050            99.502488
           39.086580            39.086580             0.005680           176.056338
           39.099920            39.099920             0.013340            74.962519
           39.109950            39.109950             0.010030            99.700897
           39.124180            39.124180             0.014230            70.274069
           39.131250            39.131250             0.007070           141.442716
           39.152100            39.152100             0.020850            47.961631
           39.705110            39.705110             0.005380           185.873606
           39.719510            39.719510             0.014400            69.444444
           39.721270            39.721270             0.001760           568.181818
           39.741830            39.741830             0.020560            48.638132
           39.743980            39.743980             0.002150           465.116279
           39.763370            39.763370             0.019390            51.572976
           39.799190            39.799190             0.035820            27.917365
           39.811100            39.811100             0.011910            83.963056
           40.356710            40.356710             0.006050           165.289256
           40.370030            40.370030             0.013320            75.075075
           40.373220            40.373220             0.003190           313.479624
           40.389850            40.389850             0.016630            60.132291
           40.393960            40.393960             0.004110           243.309002
           40.410510            40.410510             0.016550            60.422961
           40.414060            40.414060             0.003550           281.690141
           40.438780            40.438780             0.024720            40.453074
           40.460640            40.460640             0.021860            45.745654
           41.006240            41.006240             0.009710           102.986612
           41.017560            41.017560             0.011320            88.339223
           41.021660            41.021660             0.004100           243.902439
           41.037380            41.037380             0.015720            63.613232
           41.042210            41.042210             0.004830           207.039337
           41.059090            41.059090             0.016880            59.241706
           41.064290            41.064290             0.005200           192.307692
           41.090130            41.090130             0.025840            38.699690
           41.113060            41.113060             0.022930            43.610990
           41.654470            41.654470             0.010850            92.165899
           41.665320            41.665320             0.010850            92.165899
           41.670120            41.670120             0.004800           208.333333
           41.684580            41.684580             0.014460            69.156293
           41.691830            41.691830             0.007250           137.931034
           41.705390            41.705390             0.013560            73.746313
           41.712680            41.712680             0.007290           137.174211
           41.731250            41.731250             0.018570            53.850296
           42.282940            42.282940             0.003970           251.889169
           42.297270            42.297270             0.014330            69.783671
           42.298750            42.298750             0.001480           675.675676
           42.318670            42.318670             0.019920            50.200803
           42.321520            42.321520             0.002850           350.877193
           42.339650            42.339650             0.018130            55.157198
           42.342010            42.342010             0.002360           423.728814
           42.381090            42.381090             0.039080            25.588536
           42.388160            42.388160             0.007070           141.442716
           42.930850            42.930850             0.003480           287.356322
           42.945140            42.945140             0.014290            69.979006
           42.947270            42.947270             0.002130           469.483568
           42.968300            42.968300             0.021030            47.551117
           42.970890            42.970890             0.002590           386.100386
           42.992210            42.992210             0.021320            46.904315
           43.034660            43.034660             0.042450            23.557126
           43.056140            43.056140             0.021480            46.554935
           43.591850            43.591850             0.003670           272.479564
           43.609220            43.609220             0.017370            57.570524
           43.629750            43.629750             0.020530            48.709206
           43.630910            43.630910             0.001160           862.068966
           43.654490            43.654490             0.023580            42.408821
           43.701420            43.701420             0.046930            21.308332
           44.254830            44.254830             0.017920            55.803571
           44.256320            44.256320             0.001490           671.140940
           44.272470            44.272470             0.016150            61.919505
           44.275850            44.275850             0.003380           295.857988
           44.295860            44.295860             0.020010            49.975012
           44.298740            44.298740             0.002880           347.222222
           44.319840            44.319840             0.021100            47.393365
           44.322880            44.322880             0.003040           328.947368
           44.888150            44.888150             0.003610           277.008310
           44.904480            44.904480             0.016330            61.236987
           44.907010            44.907010             0.002530           395.256917
           44.921980            44.921980             0.014970            66.800267
           44.925810            44.925810             0.003830           261.096606
           44.943290            44.943290             0.017480            57.208238
           44.947320            44.947320             0.004030           248.138958
           44.964900            44.964900             0.017580            56.882821
           44.972420            44.972420             0.007520           132.978723
           45.531220            45.531220             0.008490           117.785630
           45.544720            45.544720             0.013500            74.074074
           45.547360            45.547360             0.002640           378.787879
           45.563720            45.563720             0.016360            61.124694
           45.568150            45.568150             0.004430           225.733634
           45.584780            45.584780             0.016630            60.132291
           45.588760            45.588760             0.003980           251.256281
           45.607470            45.607470             0.018710            53.447354
           45.618060            45.618060             0.010590            94.428706
           46.171290            46.171290             0.009010           110.987791
           46.183480            46.183480             0.012190            82.034454
           46.187400            46.187400             0.003920           255.102041
           46.203460            46.203460             0.016060            62.266501
           46.209890            46.209890             0.006430           155.520995
           46.227070            46.227070             0.017180            58.207218
           46.230890            46.230890             0.003820           261.780105
           46.261700            46.261700             0.030810            32.456994
           46.275240            46.275240             0.013540            73.855244
           46.794070            46.794070             0.108450             9.220839
           46.802110            46.802110             0.008040           124.378109
           46.815750            46.815750             0.013640            73.313783
           46.817360            46.817360             0.001610           621.118012
           46.836310            46.836310             0.018950            52.770449
           46.839520            46.839520             0.003210           311.526480
           46.857360            46.857360             0.017840            56.053812
           46.859780            46.859780             0.002420           413.223140
           46.886460            46.886460             0.026680            37.481259
           46.906910            46.906910             0.020450            48.899756
           47.441080            47.441080             0.007620           131.233596
           47.453000            47.453000             0.011920            83.892617
           47.457410            47.457410             0.004410           226.757370
           47.471120            47.471120             0.013710            72.939460
           47.479590            47.479590             0.008470           118.063754
           47.492210            47.492210             0.012620            79.239303
           47.499980            47.499980             0.007770           128.700129
           47.514670            47.514670             0.014690            68.073519
           47.536120            47.536120             0.021450            46.620047
           48.078000            48.078000             0.007520           132.978723
           48.090110            48.090110             0.012110            82.576383
           48.093410            48.093410             0.003300           303.030303
           48.110710            48.110710             0.017300            57.803468
           48.115350            48.115350             0.004640           215.517241
           48.131680            48.131680             0.016330            61.236987
           48.135720            48.135720             0.004040           247.524752
           48.155120            48.155120             0.019400            51.546392
           48.163960            48.163960             0.008840           113.122172
           48.718980            48.718980             0.009670           103.412616
           48.729800            48.729800             0.010820            92.421442
           48.734650            48.734650             0.004850           206.185567
           48.747740            48.747740             0.013090            76.394194
           48.756510            48.756510             0.008770           114.025086
           48.769020            48.769020             0.012510            79.936051
           48.775930            48.775930             0.006910           144.717800
           48.790290            48.790290             0.014360            69.637883
           48.804610            48.804610             0.014320            69.832402
           49.360410            49.360410             0.009960           100.401606
           49.371810            49.371810             0.011400            87.719298
           49.376670            49.376670             0.004860           205.761317
           49.391840            49.391840             0.015170            65.919578
           49.397520            49.397520             0.005680           176.056338
           49.412860            49.412860             0.015340            65.189048
           49.415420            49.415420             0.002560           390.625000
           49.437220            49.437220             0.021800            45.871560
           49.442820            49.442820             0.005600           178.571429
           50.003470            50.003470             0.005060           197.628458
           50.019070            50.019070             0.015600            64.102564
           50.022460            50.022460             0.003390           294.985251
           50.040250            50.040250             0.017790            56.211355
           50.044420            50.044420             0.004170           239.808153
           50.059780            50.059780             0.015360            65.104167
           50.062940            50.062940             0.003160           316.455696
           50.091180            50.091180             0.028240            35.410765
           50.095130            50.095130             0.003950           253.164557
           50.641870            50.641870             0.007130           140.252454
           50.654490            50.654490             0.012620            79.239303
           50.657580            50.657580             0.003090           323.624595
           50.675050            50.675050             0.017470            57.240985
           50.679520            50.679520             0.004470           223.713647
           50.695690            50.695690             0.016170            61.842919
           50.698050            50.698050             0.002360           423.728814
           50.729080            50.729080             0.031030            32.226877
           50.738810            50.738810             0.009730           102.774923
           51.280590            51.280590             0.001510           662.251656
           51.297790            51.297790             0.017200            58.139535
           51.319860            51.319860             0.022070            45.310376
           51.325210            51.325210             0.005350           186.915888
           51.342270            51.342270             0.017060            58.616647
           51.347210            51.347210             0.004940           202.429150
           51.377580            51.377580             0.030370            32.927231
           51.404830            51.404830             0.027250            36.697248
           51.904690            51.904690             0.004470           223.713647
           51.919050            51.919050             0.014360            69.637883
           51.921350            51.921350             0.002300           434.782609
           51.939940            51.939940             0.018590            53.792361
           51.945020            51.945020             0.005080           196.850394
           51.961690            51.961690             0.016670            59.988002
           51.965590            51.965590             0.003900           256.410256
           51.992470            51.992470             0.026880            37.202381
           52.010860            52.010860             0.018390            54.377379
           52.540250            52.540250             0.007960           125.628141
           52.553520            52.553520             0.013270            75.357950
           52.555920            52.555920             0.002400           416.666667
           52.572930            52.572930             0.017010            58.788948
           52.578900            52.578900             0.005970           167.504188
           52.594880            52.594880             0.015980            62.578223
           52.598630            52.598630             0.003750           266.666667
           52.620330            52.620330             0.021700            46.082949
           52.636970            52.636970             0.016640            60.096154
           53.165800            53.165800             0.007800           128.205128
           53.182860            53.182860             0.017060            58.616647
           53.205330            53.205330             0.022470            44.503783
           53.226040            53.226040             0.020710            48.285852
           53.262290            53.262290             0.036250            27.586207
           53.270580            53.270580             0.008290           120.627262
           53.847230            53.847230             0.006400           156.250000
           53.862750            53.862750             0.015520            64.432990
           53.864810            53.864810             0.002060           485.436893
           53.883680            53.883680             0.018870            52.994171
           53.887790            53.887790             0.004110           243.309002
           53.906630            53.906630             0.018840            53.078556
           53.908340            53.908340             0.001710           584.795322
           53.936640            53.936640             0.028300            35.335689
           53.940270            53.940270             0.003630           275.482094
           54.647300            54.647300             0.019830            50.428643
           54.668420            54.668420             0.021120            47.348485
           54.674990            54.674990             0.006570           152.207002
           54.696140            54.696140             0.021150            47.281324
           54.704080            54.704080             0.007940           125.944584
           54.732000            54.732000             0.027920            35.816619
           55.395240            55.395240             0.009300           107.526882
           55.415990            55.415990             0.020750            48.192771
           55.439460            55.439460             0.023470            42.607584
           55.443770            55.443770             0.004310           232.018561
           55.462940            55.462940             0.019170            52.164841
           55.512440            55.512440             0.049500            20.202020
           56.150550            56.150550             0.012480            80.128205
           56.170780            56.170780             0.020230            49.431537
           56.193160            56.193160             0.022380            44.682752
           56.195340            56.195340             0.002180           458.715596
           56.217160            56.217160             0.021820            45.829514
           56.222590            56.222590             0.005430           184.162063
           56.248720            56.248720             0.026130            38.270188
           56.273290            56.273290             0.024570            40.700041
           56.885840            56.885840             0.008870           112.739572
           56.902070            56.902070             0.016230            61.614295
           56.904980            56.904980             0.002910           343.642612
           56.923200            56.923200             0.018220            54.884742
           56.926130            56.926130             0.002930           341.296928
           56.949400            56.949400             0.023270            42.973786
           56.951480            56.951480             0.002080           480.769231
           56.975330            56.975330             0.023850            41.928721
           57.000690            57.000690             0.025360            39.432177
           57.613110            57.613110             0.004890           204.498978
           57.631740            57.631740             0.018630            53.676865
           57.633880            57.633880             0.002140           467.289720
           57.659230            57.659230             0.025350            39.447732
           57.662870            57.662870             0.003640           274.725275
           57.684870            57.684870             0.022000            45.454545
           57.754490            57.754490             0.069620            14.363689
           58.319780            58.319780             0.014420            69.348128
           58.332010            58.332010             0.012230            81.766149
           58.338050            58.338050             0.006040           165.562914
           58.354250            58.354250             0.016200            61.728395
           58.364690            58.364690             0.010440            95.785441
           58.380580            58.380580             0.015890            62.932662
           58.388230            58.388230             0.007650           130.718954
           58.421970            58.421970             0.033740            29.638411
           59.013870            59.013870             0.006860           145.772595
           59.028880            59.028880             0.015010            66.622252
           59.031290            59.031290             0.002410           414.937759
           59.052630            59.052630             0.021340            46.860356
           59.056610            59.056610             0.003980           251.256281
           59.076860            59.076860             0.020250            49.382716
           59.080420            59.080420             0.003560           280.898876
           59.115910            59.115910             0.035490            28.176951
           59.130500            59.130500             0.014590            68.540096
           59.678100            59.678100             0.007840           127.551020
           59.694400            59.694400             0.016300            61.349693
           59.696880            59.696880             0.002480           403.225806
           59.713990            59.713990             0.017110            58.445354
           59.719140            59.719140             0.005150           194.174757
           59.738580            59.738580             0.019440            51.440329
           59.742730            59.742730             0.004150           240.963855
           59.768700            59.768700             0.025970            38.505968
           59.777560            59.777560             0.008860           112.866817

MEANS:
           29.461265            29.461265             0.012354           148.478399

STANDARD DEVIATIONS:
           17.276842            17.276842             0.008982           139.530696
